solid 0
facet normal -0 0 -8.69811
outer loop
vertex 7.30971 7.93904 6.13786e-014
vertex 2.7239 6.04229 6.13786e-014
vertex 2.7239 7.93904 6.13786e-014
endloop
endfacet 
facet normal 0 0 -8.69811
outer loop
vertex 2.7239 6.04229 6.13786e-014
vertex 7.30971 7.93904 6.13786e-014
vertex 7.30971 6.04229 6.13786e-014
endloop
endfacet 
facet normal 0 -0 8.69811
outer loop
vertex 7.30971 6.04229 6.13786e-014
vertex 7.30971 7.93904 6.13786e-014
vertex 2.7239 6.04229 6.13786e-014
endloop
endfacet 
facet normal -0 0 8.69811
outer loop
vertex 2.7239 7.93904 6.13786e-014
vertex 2.7239 6.04229 6.13786e-014
vertex 7.30971 7.93904 6.13786e-014
endloop
endfacet 
facet normal -0 0 -8.69811
outer loop
vertex 7.28412 4.02799 6.13786e-014
vertex 2.69831 2.13124 6.13786e-014
vertex 2.69831 4.02799 6.13786e-014
endloop
endfacet 
facet normal 0 0 -8.69811
outer loop
vertex 2.69831 2.13124 6.13786e-014
vertex 7.28412 4.02799 6.13786e-014
vertex 7.28412 2.13124 6.13786e-014
endloop
endfacet 
facet normal 0 -0 8.69811
outer loop
vertex 7.28412 2.13124 6.13786e-014
vertex 7.28412 4.02799 6.13786e-014
vertex 2.69831 2.13124 6.13786e-014
endloop
endfacet 
facet normal -0 0 8.69811
outer loop
vertex 2.69831 4.02799 6.13786e-014
vertex 2.69831 2.13124 6.13786e-014
vertex 7.28412 4.02799 6.13786e-014
endloop
endfacet 
facet normal 0 -0.198063 -0
outer loop
vertex 6.1091 7.86753 0.0912075
vertex 3.93753 7.86753 7.69543e-010
vertex 6.1091 7.86753 7.69543e-010
endloop
endfacet 
facet normal 0 -0.198063 0
outer loop
vertex 3.93753 7.86753 7.69543e-010
vertex 6.1091 7.86753 0.0912075
vertex 3.93753 7.86753 0.0912075
endloop
endfacet 
facet normal -0 0.198063 0
outer loop
vertex 3.93753 7.86753 0.0912075
vertex 6.1091 7.86753 0.0912075
vertex 3.93753 7.86753 7.69543e-010
endloop
endfacet 
facet normal 0 0.198063 -0
outer loop
vertex 6.1091 7.86753 7.69543e-010
vertex 3.93753 7.86753 7.69543e-010
vertex 6.1091 7.86753 0.0912075
endloop
endfacet 
facet normal 0 0 0.490269
outer loop
vertex 6.1091 7.86753 0.0912075
vertex 3.93753 8.0933 0.0912075
vertex 3.93753 7.86753 0.0912075
endloop
endfacet 
facet normal -0 0 0.490269
outer loop
vertex 3.93753 8.0933 0.0912075
vertex 6.1091 7.86753 0.0912075
vertex 6.1091 8.0933 0.0912075
endloop
endfacet 
facet normal -0 -0 -0.490269
outer loop
vertex 6.1091 8.0933 0.0912075
vertex 6.1091 7.86753 0.0912075
vertex 3.93753 8.0933 0.0912075
endloop
endfacet 
facet normal 0 0 -0.490269
outer loop
vertex 3.93753 7.86753 0.0912075
vertex 3.93753 8.0933 0.0912075
vertex 6.1091 7.86753 0.0912075
endloop
endfacet 
facet normal -0 0 -4.77644
outer loop
vertex 6.1091 10.0671 7.69543e-010
vertex 3.93753 7.86753 7.69543e-010
vertex 3.93753 10.0671 7.69543e-010
endloop
endfacet 
facet normal 0 0 -4.77644
outer loop
vertex 3.93753 7.86753 7.69543e-010
vertex 6.1091 10.0671 7.69543e-010
vertex 6.1091 7.86753 7.69543e-010
endloop
endfacet 
facet normal 0 -0 4.77644
outer loop
vertex 6.1091 7.86753 7.69543e-010
vertex 6.1091 10.0671 7.69543e-010
vertex 3.93753 7.86753 7.69543e-010
endloop
endfacet 
facet normal -0 0 4.77644
outer loop
vertex 3.93753 10.0671 7.69543e-010
vertex 3.93753 7.86753 7.69543e-010
vertex 6.1091 10.0671 7.69543e-010
endloop
endfacet 
facet normal 0 0.0109532 0.0408768
outer loop
vertex 6.1091 8.0933 0.0912075
vertex 3.93753 8.11212 0.0861635
vertex 3.93753 8.0933 0.0912075
endloop
endfacet 
facet normal -0 0.0109532 0.0408768
outer loop
vertex 3.93753 8.11212 0.0861635
vertex 6.1091 8.0933 0.0912075
vertex 6.1091 8.11212 0.0861635
endloop
endfacet 
facet normal -0 -0.0109532 -0.0408768
outer loop
vertex 6.1091 8.11212 0.0861635
vertex 6.1091 8.0933 0.0912075
vertex 3.93753 8.11212 0.0861635
endloop
endfacet 
facet normal 0 -0.0109532 -0.0408768
outer loop
vertex 3.93753 8.0933 0.0912075
vertex 3.93753 8.11212 0.0861635
vertex 6.1091 8.0933 0.0912075
endloop
endfacet 
facet normal 0 0.198063 0
outer loop
vertex 3.93753 10.0671 0.0912075
vertex 6.1091 10.0671 7.69543e-010
vertex 3.93753 10.0671 7.69543e-010
endloop
endfacet 
facet normal 0 0.198063 -0
outer loop
vertex 6.1091 10.0671 7.69543e-010
vertex 3.93753 10.0671 0.0912075
vertex 6.1091 10.0671 0.0912075
endloop
endfacet 
facet normal -0 -0.198063 -0
outer loop
vertex 6.1091 10.0671 0.0912075
vertex 3.93753 10.0671 0.0912075
vertex 6.1091 10.0671 7.69543e-010
endloop
endfacet 
facet normal 0 -0.198063 0
outer loop
vertex 3.93753 10.0671 7.69543e-010
vertex 6.1091 10.0671 7.69543e-010
vertex 3.93753 10.0671 0.0912075
endloop
endfacet 
facet normal 0 0.0299247 0.0299255
outer loop
vertex 6.1091 8.11212 0.0861635
vertex 3.93753 8.12591 0.0723833
vertex 3.93753 8.11212 0.0861635
endloop
endfacet 
facet normal -0 0.0299247 0.0299255
outer loop
vertex 3.93753 8.12591 0.0723833
vertex 6.1091 8.11212 0.0861635
vertex 6.1091 8.12591 0.0723833
endloop
endfacet 
facet normal -0 -0.0299247 -0.0299255
outer loop
vertex 6.1091 8.12591 0.0723833
vertex 6.1091 8.11212 0.0861635
vertex 3.93753 8.12591 0.0723833
endloop
endfacet 
facet normal 0 -0.0299247 -0.0299255
outer loop
vertex 3.93753 8.11212 0.0861635
vertex 3.93753 8.12591 0.0723833
vertex 6.1091 8.11212 0.0861635
endloop
endfacet 
facet normal 0 0 0.490268
outer loop
vertex 6.1091 9.8413 0.0912075
vertex 3.93753 10.0671 0.0912075
vertex 3.93753 9.8413 0.0912075
endloop
endfacet 
facet normal -0 0 0.490268
outer loop
vertex 3.93753 10.0671 0.0912075
vertex 6.1091 9.8413 0.0912075
vertex 6.1091 10.0671 0.0912075
endloop
endfacet 
facet normal -0 -0 -0.490268
outer loop
vertex 6.1091 10.0671 0.0912075
vertex 6.1091 9.8413 0.0912075
vertex 3.93753 10.0671 0.0912075
endloop
endfacet 
facet normal 0 0 -0.490268
outer loop
vertex 3.93753 9.8413 0.0912075
vertex 3.93753 10.0671 0.0912075
vertex 6.1091 9.8413 0.0912075
endloop
endfacet 
facet normal 0 0.0408779 0.0109533
outer loop
vertex 3.93753 8.12591 0.0723833
vertex 6.1091 8.13095 0.0535592
vertex 3.93753 8.13095 0.0535592
endloop
endfacet 
facet normal 0 0.0408779 0.0109533
outer loop
vertex 6.1091 8.13095 0.0535592
vertex 3.93753 8.12591 0.0723833
vertex 6.1091 8.12591 0.0723833
endloop
endfacet 
facet normal -0 -0.0408779 -0.0109533
outer loop
vertex 6.1091 8.12591 0.0723833
vertex 3.93753 8.12591 0.0723833
vertex 6.1091 8.13095 0.0535592
endloop
endfacet 
facet normal 0 -0.0408779 -0.0109533
outer loop
vertex 3.93753 8.13095 0.0535592
vertex 6.1091 8.13095 0.0535592
vertex 3.93753 8.12591 0.0723833
endloop
endfacet 
facet normal 0 -0.0109532 0.0408768
outer loop
vertex 6.1091 9.82248 0.0861635
vertex 3.93753 9.8413 0.0912075
vertex 3.93753 9.82248 0.0861635
endloop
endfacet 
facet normal 0 -0.0109532 0.0408768
outer loop
vertex 3.93753 9.8413 0.0912075
vertex 6.1091 9.82248 0.0861635
vertex 6.1091 9.8413 0.0912075
endloop
endfacet 
facet normal 0 0.0109532 -0.0408768
outer loop
vertex 6.1091 9.8413 0.0912075
vertex 6.1091 9.82248 0.0861635
vertex 3.93753 9.8413 0.0912075
endloop
endfacet 
facet normal 0 0.0109532 -0.0408768
outer loop
vertex 3.93753 9.82248 0.0861635
vertex 3.93753 9.8413 0.0912075
vertex 6.1091 9.82248 0.0861635
endloop
endfacet 
facet normal 0 0.0109954 0
outer loop
vertex 3.93753 8.13095 0.0535592
vertex 6.1091 8.13095 0.0484959
vertex 3.93753 8.13095 0.0484959
endloop
endfacet 
facet normal 0 0.0109954 -0
outer loop
vertex 6.1091 8.13095 0.0484959
vertex 3.93753 8.13095 0.0535592
vertex 6.1091 8.13095 0.0535592
endloop
endfacet 
facet normal -0 -0.0109954 -0
outer loop
vertex 6.1091 8.13095 0.0535592
vertex 3.93753 8.13095 0.0535592
vertex 6.1091 8.13095 0.0484959
endloop
endfacet 
facet normal 0 -0.0109954 0
outer loop
vertex 3.93753 8.13095 0.0484959
vertex 6.1091 8.13095 0.0484959
vertex 3.93753 8.13095 0.0535592
endloop
endfacet 
facet normal 0 -0.0299247 0.0299255
outer loop
vertex 6.1091 9.8087 0.0723833
vertex 3.93753 9.82248 0.0861635
vertex 3.93753 9.8087 0.0723833
endloop
endfacet 
facet normal 0 -0.0299247 0.0299255
outer loop
vertex 3.93753 9.82248 0.0861635
vertex 6.1091 9.8087 0.0723833
vertex 6.1091 9.82248 0.0861635
endloop
endfacet 
facet normal 0 0.0299247 -0.0299255
outer loop
vertex 6.1091 9.82248 0.0861635
vertex 6.1091 9.8087 0.0723833
vertex 3.93753 9.82248 0.0861635
endloop
endfacet 
facet normal 0 0.0299247 -0.0299255
outer loop
vertex 3.93753 9.8087 0.0723833
vertex 3.93753 9.82248 0.0861635
vertex 6.1091 9.8087 0.0723833
endloop
endfacet 
facet normal 0 -0.0408779 0.0109533
outer loop
vertex 6.1091 9.8087 0.0723833
vertex 3.93753 9.80365 0.0535592
vertex 6.1091 9.80365 0.0535592
endloop
endfacet 
facet normal 0 -0.0408779 0.0109533
outer loop
vertex 3.93753 9.80365 0.0535592
vertex 6.1091 9.8087 0.0723833
vertex 3.93753 9.8087 0.0723833
endloop
endfacet 
facet normal 0 0.0408779 -0.0109533
outer loop
vertex 3.93753 9.8087 0.0723833
vertex 6.1091 9.8087 0.0723833
vertex 3.93753 9.80365 0.0535592
endloop
endfacet 
facet normal 0 0.0408779 -0.0109533
outer loop
vertex 6.1091 9.80365 0.0535592
vertex 3.93753 9.80365 0.0535592
vertex 6.1091 9.8087 0.0723833
endloop
endfacet 
facet normal 0 -0.0109954 -0
outer loop
vertex 6.1091 9.80365 0.0535592
vertex 3.93753 9.80365 0.0484959
vertex 6.1091 9.80365 0.0484959
endloop
endfacet 
facet normal 0 -0.0109954 0
outer loop
vertex 3.93753 9.80365 0.0484959
vertex 6.1091 9.80365 0.0535592
vertex 3.93753 9.80365 0.0535592
endloop
endfacet 
facet normal -0 0.0109954 0
outer loop
vertex 3.93753 9.80365 0.0535592
vertex 6.1091 9.80365 0.0535592
vertex 3.93753 9.80365 0.0484959
endloop
endfacet 
facet normal 0 0.0109954 -0
outer loop
vertex 6.1091 9.80365 0.0484959
vertex 3.93753 9.80365 0.0484959
vertex 6.1091 9.80365 0.0535592
endloop
endfacet 
facet normal 0 0 0.0482618
outer loop
vertex 6.1091 8.98735 0.0484959
vertex 3.93753 9.00958 0.0484959
vertex 3.93753 8.98735 0.0484959
endloop
endfacet 
facet normal -0 0 0.0482618
outer loop
vertex 3.93753 9.00958 0.0484959
vertex 6.1091 8.98735 0.0484959
vertex 6.1091 9.00958 0.0484959
endloop
endfacet 
facet normal -0 -0 -0.0482618
outer loop
vertex 6.1091 9.00958 0.0484959
vertex 6.1091 8.98735 0.0484959
vertex 3.93753 9.00958 0.0484959
endloop
endfacet 
facet normal 0 0 -0.0482618
outer loop
vertex 3.93753 8.98735 0.0484959
vertex 3.93753 9.00958 0.0484959
vertex 6.1091 8.98735 0.0484959
endloop
endfacet 
facet normal 0 0 0.0482618
outer loop
vertex 6.1091 8.92503 0.0484959
vertex 3.93753 8.94725 0.0484959
vertex 3.93753 8.92503 0.0484959
endloop
endfacet 
facet normal -0 0 0.0482618
outer loop
vertex 3.93753 8.94725 0.0484959
vertex 6.1091 8.92503 0.0484959
vertex 6.1091 8.94725 0.0484959
endloop
endfacet 
facet normal -0 -0 -0.0482618
outer loop
vertex 6.1091 8.94725 0.0484959
vertex 6.1091 8.92503 0.0484959
vertex 3.93753 8.94725 0.0484959
endloop
endfacet 
facet normal 0 0 -0.0482618
outer loop
vertex 3.93753 8.92503 0.0484959
vertex 3.93753 8.94725 0.0484959
vertex 6.1091 8.92503 0.0484959
endloop
endfacet 
facet normal 0 0 1.72439
outer loop
vertex 6.1091 8.13095 0.0484959
vertex 3.93753 8.92503 0.0484959
vertex 3.93753 8.13095 0.0484959
endloop
endfacet 
facet normal -0 0 1.72439
outer loop
vertex 3.93753 8.92503 0.0484959
vertex 6.1091 8.13095 0.0484959
vertex 6.1091 8.92503 0.0484959
endloop
endfacet 
facet normal 0 0 0
outer loop
vertex 6.1091 8.92503 0.0484959
vertex 6.1091 8.13095 0.0484959
vertex 6.1091 8.13684 0.0484959
endloop
endfacet 
facet normal 0 0 0
outer loop
vertex 6.1091 8.92503 0.0484959
vertex 6.1091 8.13684 0.0484959
vertex 6.1091 8.14907 0.0484959
endloop
endfacet 
facet normal 0 0 0
outer loop
vertex 6.1091 8.92503 0.0484959
vertex 6.1091 8.14907 0.0484959
vertex 6.1091 8.1608 0.0484959
endloop
endfacet 
facet normal 0 0 0
outer loop
vertex 6.1091 8.92503 0.0484959
vertex 6.1091 8.1608 0.0484959
vertex 6.1091 8.17303 0.0484959
endloop
endfacet 
facet normal -0 0 0
outer loop
vertex 6.1091 8.17303 0.0484959
vertex 6.1091 8.1608 0.0484959
vertex 6.1091 8.92503 0.0484959
endloop
endfacet 
facet normal -0 0 0
outer loop
vertex 6.1091 8.1608 0.0484959
vertex 6.1091 8.14907 0.0484959
vertex 6.1091 8.92503 0.0484959
endloop
endfacet 
facet normal -0 0 0
outer loop
vertex 6.1091 8.14907 0.0484959
vertex 6.1091 8.13684 0.0484959
vertex 6.1091 8.92503 0.0484959
endloop
endfacet 
facet normal -0 0 0
outer loop
vertex 6.1091 8.13684 0.0484959
vertex 6.1091 8.13095 0.0484959
vertex 6.1091 8.92503 0.0484959
endloop
endfacet 
facet normal -0 -0 -1.72439
outer loop
vertex 6.1091 8.92503 0.0484959
vertex 6.1091 8.13095 0.0484959
vertex 3.93753 8.92503 0.0484959
endloop
endfacet 
facet normal 0 0 -1.72439
outer loop
vertex 3.93753 8.13095 0.0484959
vertex 3.93753 8.92503 0.0484959
vertex 6.1091 8.13095 0.0484959
endloop
endfacet 
facet normal 0 0 1.72439
outer loop
vertex 6.1091 9.00958 0.0484959
vertex 3.93753 9.80365 0.0484959
vertex 3.93753 9.00958 0.0484959
endloop
endfacet 
facet normal -0 0 1.72439
outer loop
vertex 3.93753 9.80365 0.0484959
vertex 6.1091 9.00958 0.0484959
vertex 6.1091 9.80365 0.0484959
endloop
endfacet 
facet normal 0 0 0
outer loop
vertex 6.1091 9.80365 0.0484959
vertex 6.1091 9.00958 0.0484959
vertex 6.1091 9.76157 0.0484959
endloop
endfacet 
facet normal 0 0 0
outer loop
vertex 6.1091 9.80365 0.0484959
vertex 6.1091 9.76157 0.0484959
vertex 6.1091 9.7738 0.0484959
endloop
endfacet 
facet normal 0 0 0
outer loop
vertex 6.1091 9.80365 0.0484959
vertex 6.1091 9.7738 0.0484959
vertex 6.1091 9.78553 0.0484959
endloop
endfacet 
facet normal 0 0 0
outer loop
vertex 6.1091 9.80365 0.0484959
vertex 6.1091 9.78553 0.0484959
vertex 6.1091 9.79776 0.0484959
endloop
endfacet 
facet normal -0 0 0
outer loop
vertex 6.1091 9.79776 0.0484959
vertex 6.1091 9.78553 0.0484959
vertex 6.1091 9.80365 0.0484959
endloop
endfacet 
facet normal -0 0 0
outer loop
vertex 6.1091 9.78553 0.0484959
vertex 6.1091 9.7738 0.0484959
vertex 6.1091 9.80365 0.0484959
endloop
endfacet 
facet normal -0 0 0
outer loop
vertex 6.1091 9.7738 0.0484959
vertex 6.1091 9.76157 0.0484959
vertex 6.1091 9.80365 0.0484959
endloop
endfacet 
facet normal -0 0 0
outer loop
vertex 6.1091 9.76157 0.0484959
vertex 6.1091 9.00958 0.0484959
vertex 6.1091 9.80365 0.0484959
endloop
endfacet 
facet normal -0 -0 -1.72439
outer loop
vertex 6.1091 9.80365 0.0484959
vertex 6.1091 9.00958 0.0484959
vertex 3.93753 9.80365 0.0484959
endloop
endfacet 
facet normal 0 0 -1.72439
outer loop
vertex 3.93753 9.00958 0.0484959
vertex 3.93753 9.80365 0.0484959
vertex 6.1091 9.00958 0.0484959
endloop
endfacet 
facet normal 0 0 0.0870821
outer loop
vertex 6.1091 8.94725 0.0484959
vertex 3.93753 8.98735 0.0484959
vertex 3.93753 8.94725 0.0484959
endloop
endfacet 
facet normal -0 0 0.0870821
outer loop
vertex 3.93753 8.98735 0.0484959
vertex 6.1091 8.94725 0.0484959
vertex 6.1091 8.98735 0.0484959
endloop
endfacet 
facet normal -0 -0 -0.0870821
outer loop
vertex 6.1091 8.98735 0.0484959
vertex 6.1091 8.94725 0.0484959
vertex 3.93753 8.98735 0.0484959
endloop
endfacet 
facet normal 0 0 -0.0870821
outer loop
vertex 3.93753 8.94725 0.0484959
vertex 3.93753 8.98735 0.0484959
vertex 6.1091 8.94725 0.0484959
endloop
endfacet 
facet normal 0 0 0.000830867
outer loop
vertex 6.10507 8.98735 0.0484959
vertex 6.14245 9.00957 0.0484959
vertex 6.10507 9.00957 0.0484959
endloop
endfacet 
facet normal 0 0 0.00721196
outer loop
vertex 6.14245 9.00957 0.0484959
vertex 6.10507 8.98735 0.0484959
vertex 6.43474 8.99042 0.0484959
endloop
endfacet 
facet normal 0 0 0.0001124
outer loop
vertex 6.43474 8.99042 0.0484959
vertex 6.10507 8.98735 0.0484959
vertex 6.14172 8.98735 0.0484959
endloop
endfacet 
facet normal 0 0 0.00646135
outer loop
vertex 6.43474 8.99042 0.0484959
vertex 6.14172 8.98735 0.0484959
vertex 6.43184 8.96834 0.0484959
endloop
endfacet 
facet normal 0 0 0.0065407
outer loop
vertex 6.43474 8.99042 0.0484959
vertex 6.43184 8.96834 0.0484959
vertex 6.72339 8.933 0.0484959
endloop
endfacet 
facet normal 0 0 0.00647594
outer loop
vertex 6.72339 8.933 0.0484959
vertex 6.43184 8.96834 0.0484959
vertex 6.71763 8.91149 0.0484959
endloop
endfacet 
facet normal 0 0 0.00654067
outer loop
vertex 6.72339 8.933 0.0484959
vertex 6.71763 8.91149 0.0484959
vertex 7.00208 8.8384 0.0484959
endloop
endfacet 
facet normal 0 0 0.00647593
outer loop
vertex 7.00208 8.8384 0.0484959
vertex 6.71763 8.91149 0.0484959
vertex 6.99356 8.81782 0.0484959
endloop
endfacet 
facet normal 0 0 0.00654068
outer loop
vertex 7.00208 8.8384 0.0484959
vertex 6.99356 8.81782 0.0484959
vertex 7.26604 8.70823 0.0484959
endloop
endfacet 
facet normal 0 0 0.00647598
outer loop
vertex 7.26604 8.70823 0.0484959
vertex 6.99356 8.81782 0.0484959
vertex 7.2549 8.68894 0.0484959
endloop
endfacet 
facet normal 0 0 0.00654074
outer loop
vertex 7.26604 8.70823 0.0484959
vertex 7.2549 8.68894 0.0484959
vertex 7.51074 8.54472 0.0484959
endloop
endfacet 
facet normal 0 0 0.00647603
outer loop
vertex 7.51074 8.54472 0.0484959
vertex 7.2549 8.68894 0.0484959
vertex 7.49718 8.52705 0.0484959
endloop
endfacet 
facet normal 0 0 0.00654077
outer loop
vertex 7.51074 8.54472 0.0484959
vertex 7.49718 8.52705 0.0484959
vertex 7.73201 8.35068 0.0484959
endloop
endfacet 
facet normal 0 0 0.00647602
outer loop
vertex 7.73201 8.35068 0.0484959
vertex 7.49718 8.52705 0.0484959
vertex 7.71626 8.33493 0.0484959
endloop
endfacet 
facet normal 0 0 0.00654075
outer loop
vertex 7.73201 8.35068 0.0484959
vertex 7.71626 8.33493 0.0484959
vertex 7.92606 8.12941 0.0484959
endloop
endfacet 
facet normal 0 0 0.00647592
outer loop
vertex 7.92606 8.12941 0.0484959
vertex 7.71626 8.33493 0.0484959
vertex 7.90839 8.11585 0.0484959
endloop
endfacet 
facet normal 0 0 0.00654067
outer loop
vertex 7.92606 8.12941 0.0484959
vertex 7.90839 8.11585 0.0484959
vertex 8.08957 7.8847 0.0484959
endloop
endfacet 
facet normal 0 0 0.00647599
outer loop
vertex 8.08957 7.8847 0.0484959
vertex 7.90839 8.11585 0.0484959
vertex 8.07028 7.87356 0.0484959
endloop
endfacet 
facet normal 0 0 0.00654073
outer loop
vertex 8.08957 7.8847 0.0484959
vertex 8.07028 7.87356 0.0484959
vertex 8.21974 7.62074 0.0484959
endloop
endfacet 
facet normal 0 0 0.006476
outer loop
vertex 8.21974 7.62074 0.0484959
vertex 8.07028 7.87356 0.0484959
vertex 8.19916 7.61222 0.0484959
endloop
endfacet 
facet normal 0 0 0.00654073
outer loop
vertex 8.21974 7.62074 0.0484959
vertex 8.19916 7.61222 0.0484959
vertex 8.31434 7.34206 0.0484959
endloop
endfacet 
facet normal 0 0 0.00647622
outer loop
vertex 8.31434 7.34206 0.0484959
vertex 8.19916 7.61222 0.0484959
vertex 8.29282 7.33629 0.0484959
endloop
endfacet 
facet normal 0 0 0.00654098
outer loop
vertex 8.31434 7.34206 0.0484959
vertex 8.29282 7.33629 0.0484959
vertex 8.37175 7.05341 0.0484959
endloop
endfacet 
facet normal 0 0 0.00647595
outer loop
vertex 8.37175 7.05341 0.0484959
vertex 8.29282 7.33629 0.0484959
vertex 8.34967 7.0505 0.0484959
endloop
endfacet 
facet normal 0 0 0.00650988
outer loop
vertex 8.37175 7.05341 0.0484959
vertex 8.34967 7.0505 0.0484959
vertex 8.39091 6.76112 0.0484959
endloop
endfacet 
facet normal 0 0 0.00646143
outer loop
vertex 8.39091 6.76112 0.0484959
vertex 8.34967 7.0505 0.0484959
vertex 8.36869 6.76039 0.0484959
endloop
endfacet 
facet normal 0 0 0.000830902
outer loop
vertex 8.39091 6.76112 0.0484959
vertex 8.36869 6.76039 0.0484959
vertex 8.39091 6.72373 0.0484959
endloop
endfacet 
facet normal 0 0 0.00081472
outer loop
vertex 8.39091 6.72373 0.0484959
vertex 8.36869 6.76039 0.0484959
vertex 8.36869 6.72373 0.0484959
endloop
endfacet 
facet normal 0 0 -0.00081472
outer loop
vertex 8.36869 6.72373 0.0484959
vertex 8.36869 6.76039 0.0484959
vertex 8.39091 6.72373 0.0484959
endloop
endfacet 
facet normal 0 0 -0.000830902
outer loop
vertex 8.39091 6.72373 0.0484959
vertex 8.36869 6.76039 0.0484959
vertex 8.39091 6.76112 0.0484959
endloop
endfacet 
facet normal 0 0 -0.00646143
outer loop
vertex 8.36869 6.76039 0.0484959
vertex 8.34967 7.0505 0.0484959
vertex 8.39091 6.76112 0.0484959
endloop
endfacet 
facet normal 0 0 -0.00650988
outer loop
vertex 8.39091 6.76112 0.0484959
vertex 8.34967 7.0505 0.0484959
vertex 8.37175 7.05341 0.0484959
endloop
endfacet 
facet normal 0 0 -0.00647595
outer loop
vertex 8.34967 7.0505 0.0484959
vertex 8.29282 7.33629 0.0484959
vertex 8.37175 7.05341 0.0484959
endloop
endfacet 
facet normal 0 0 -0.00654098
outer loop
vertex 8.37175 7.05341 0.0484959
vertex 8.29282 7.33629 0.0484959
vertex 8.31434 7.34206 0.0484959
endloop
endfacet 
facet normal 0 0 -0.00647622
outer loop
vertex 8.29282 7.33629 0.0484959
vertex 8.19916 7.61222 0.0484959
vertex 8.31434 7.34206 0.0484959
endloop
endfacet 
facet normal 0 0 -0.00654073
outer loop
vertex 8.31434 7.34206 0.0484959
vertex 8.19916 7.61222 0.0484959
vertex 8.21974 7.62074 0.0484959
endloop
endfacet 
facet normal 0 0 -0.006476
outer loop
vertex 8.19916 7.61222 0.0484959
vertex 8.07028 7.87356 0.0484959
vertex 8.21974 7.62074 0.0484959
endloop
endfacet 
facet normal 0 0 -0.00654073
outer loop
vertex 8.21974 7.62074 0.0484959
vertex 8.07028 7.87356 0.0484959
vertex 8.08957 7.8847 0.0484959
endloop
endfacet 
facet normal 0 0 -0.00647599
outer loop
vertex 8.07028 7.87356 0.0484959
vertex 7.90839 8.11585 0.0484959
vertex 8.08957 7.8847 0.0484959
endloop
endfacet 
facet normal 0 0 -0.00654067
outer loop
vertex 8.08957 7.8847 0.0484959
vertex 7.90839 8.11585 0.0484959
vertex 7.92606 8.12941 0.0484959
endloop
endfacet 
facet normal 0 0 -0.00647592
outer loop
vertex 7.90839 8.11585 0.0484959
vertex 7.71626 8.33493 0.0484959
vertex 7.92606 8.12941 0.0484959
endloop
endfacet 
facet normal 0 0 -0.00654075
outer loop
vertex 7.92606 8.12941 0.0484959
vertex 7.71626 8.33493 0.0484959
vertex 7.73201 8.35068 0.0484959
endloop
endfacet 
facet normal 0 0 -0.00647602
outer loop
vertex 7.71626 8.33493 0.0484959
vertex 7.49718 8.52705 0.0484959
vertex 7.73201 8.35068 0.0484959
endloop
endfacet 
facet normal 0 0 -0.00654077
outer loop
vertex 7.73201 8.35068 0.0484959
vertex 7.49718 8.52705 0.0484959
vertex 7.51074 8.54472 0.0484959
endloop
endfacet 
facet normal 0 0 -0.00647603
outer loop
vertex 7.49718 8.52705 0.0484959
vertex 7.2549 8.68894 0.0484959
vertex 7.51074 8.54472 0.0484959
endloop
endfacet 
facet normal 0 0 -0.00654074
outer loop
vertex 7.51074 8.54472 0.0484959
vertex 7.2549 8.68894 0.0484959
vertex 7.26604 8.70823 0.0484959
endloop
endfacet 
facet normal 0 0 -0.00647598
outer loop
vertex 7.2549 8.68894 0.0484959
vertex 6.99356 8.81782 0.0484959
vertex 7.26604 8.70823 0.0484959
endloop
endfacet 
facet normal 0 0 -0.00654068
outer loop
vertex 7.26604 8.70823 0.0484959
vertex 6.99356 8.81782 0.0484959
vertex 7.00208 8.8384 0.0484959
endloop
endfacet 
facet normal 0 0 -0.00647593
outer loop
vertex 6.99356 8.81782 0.0484959
vertex 6.71763 8.91149 0.0484959
vertex 7.00208 8.8384 0.0484959
endloop
endfacet 
facet normal 0 0 -0.00654067
outer loop
vertex 7.00208 8.8384 0.0484959
vertex 6.71763 8.91149 0.0484959
vertex 6.72339 8.933 0.0484959
endloop
endfacet 
facet normal 0 0 -0.00647594
outer loop
vertex 6.71763 8.91149 0.0484959
vertex 6.43184 8.96834 0.0484959
vertex 6.72339 8.933 0.0484959
endloop
endfacet 
facet normal 0 0 -0.0065407
outer loop
vertex 6.72339 8.933 0.0484959
vertex 6.43184 8.96834 0.0484959
vertex 6.43474 8.99042 0.0484959
endloop
endfacet 
facet normal 0 0 -0.00646135
outer loop
vertex 6.43184 8.96834 0.0484959
vertex 6.14172 8.98735 0.0484959
vertex 6.43474 8.99042 0.0484959
endloop
endfacet 
facet normal 0 0 -0.0001124
outer loop
vertex 6.14172 8.98735 0.0484959
vertex 6.10507 8.98735 0.0484959
vertex 6.43474 8.99042 0.0484959
endloop
endfacet 
facet normal -0 0 -0.00721196
outer loop
vertex 6.43474 8.99042 0.0484959
vertex 6.10507 8.98735 0.0484959
vertex 6.14245 9.00957 0.0484959
endloop
endfacet 
facet normal 0 0 -0.000830867
outer loop
vertex 6.10507 9.00957 0.0484959
vertex 6.14245 9.00957 0.0484959
vertex 6.10507 8.98735 0.0484959
endloop
endfacet 
facet normal -0.00512642 -0.000335997 0.00513752
outer loop
vertex 9.16574 7.15794 0.0723833
vertex 9.20381 6.78773 0.0861635
vertex 9.17943 7.15974 0.0861635
endloop
endfacet 
facet normal -0.00510779 -0.000334788 0.00511853
outer loop
vertex 9.20381 6.78773 0.0861635
vertex 9.16574 7.15794 0.0723833
vertex 9.19003 6.78728 0.0723833
endloop
endfacet 
facet normal 0.00510779 0.000334788 -0.00511853
outer loop
vertex 9.19003 6.78728 0.0723833
vertex 9.16574 7.15794 0.0723833
vertex 9.20381 6.78773 0.0861635
endloop
endfacet 
facet normal 0.00512642 0.000335997 -0.00513752
outer loop
vertex 9.17943 7.15974 0.0861635
vertex 9.20381 6.78773 0.0861635
vertex 9.16574 7.15794 0.0723833
endloop
endfacet 
facet normal -0.00088191 0 0.000881872
outer loop
vertex 9.19003 6.78728 0.0723833
vertex 9.20381 6.72373 0.0861635
vertex 9.20381 6.78773 0.0861635
endloop
endfacet 
facet normal -0.000875694 0 0.000875657
outer loop
vertex 9.20381 6.72373 0.0861635
vertex 9.19003 6.78728 0.0723833
vertex 9.19003 6.72373 0.0723833
endloop
endfacet 
facet normal 0.000875694 0 -0.000875657
outer loop
vertex 9.19003 6.72373 0.0723833
vertex 9.19003 6.78728 0.0723833
vertex 9.20381 6.72373 0.0861635
endloop
endfacet 
facet normal 0.00088191 0 -0.000881872
outer loop
vertex 9.20381 6.78773 0.0861635
vertex 9.20381 6.72373 0.0861635
vertex 9.19003 6.78728 0.0723833
endloop
endfacet 
facet normal -0.00188571 -0.000123599 0.00705243
outer loop
vertex 9.17943 7.15974 0.0861635
vertex 9.22264 6.78834 0.0912075
vertex 9.19813 7.1622 0.0912075
endloop
endfacet 
facet normal -0.0018764 -0.000122984 0.00701801
outer loop
vertex 9.22264 6.78834 0.0912075
vertex 9.17943 7.15974 0.0861635
vertex 9.20381 6.78773 0.0861635
endloop
endfacet 
facet normal 0.0018764 0.000122984 -0.00701801
outer loop
vertex 9.20381 6.78773 0.0861635
vertex 9.17943 7.15974 0.0861635
vertex 9.22264 6.78834 0.0912075
endloop
endfacet 
facet normal 0.00188571 0.000123599 -0.00705243
outer loop
vertex 9.19813 7.1622 0.0912075
vertex 9.22264 6.78834 0.0912075
vertex 9.17943 7.15974 0.0861635
endloop
endfacet 
facet normal -0.00541788 -0.00107768 0.00552392
outer loop
vertex 9.08789 7.54933 0.0723833
vertex 9.17943 7.15974 0.0861635
vertex 9.10123 7.5529 0.0861635
endloop
endfacet 
facet normal -0.00539348 -0.00107282 0.00549927
outer loop
vertex 9.17943 7.15974 0.0861635
vertex 9.08789 7.54933 0.0723833
vertex 9.16574 7.15794 0.0723833
endloop
endfacet 
facet normal 0.00539348 0.00107282 -0.00549927
outer loop
vertex 9.16574 7.15794 0.0723833
vertex 9.08789 7.54933 0.0723833
vertex 9.17943 7.15974 0.0861635
endloop
endfacet 
facet normal 0.00541788 0.00107768 -0.00552392
outer loop
vertex 9.10123 7.5529 0.0861635
vertex 9.17943 7.15974 0.0861635
vertex 9.08789 7.54933 0.0723833
endloop
endfacet 
facet normal -0.00696806 -0.000456719 0.00187112
outer loop
vertex 9.19003 6.78728 0.0723833
vertex 9.16073 7.15728 0.0535592
vertex 9.18499 6.78711 0.0535592
endloop
endfacet 
facet normal -0.00697737 -0.00045733 0.00187361
outer loop
vertex 9.16073 7.15728 0.0535592
vertex 9.19003 6.78728 0.0723833
vertex 9.16574 7.15794 0.0723833
endloop
endfacet 
facet normal 0.00697737 0.00045733 -0.00187361
outer loop
vertex 9.16574 7.15794 0.0723833
vertex 9.19003 6.78728 0.0723833
vertex 9.16073 7.15728 0.0535592
endloop
endfacet 
facet normal 0.00696806 0.000456719 -0.00187112
outer loop
vertex 9.18499 6.78711 0.0535592
vertex 9.16073 7.15728 0.0535592
vertex 9.19003 6.78728 0.0723833
endloop
endfacet 
facet normal -0.00119311 0 0.000319699
outer loop
vertex 9.19003 6.72373 0.0723833
vertex 9.18499 6.78711 0.0535592
vertex 9.18499 6.72373 0.0535592
endloop
endfacet 
facet normal -0.00119622 0 0.000320531
outer loop
vertex 9.18499 6.78711 0.0535592
vertex 9.19003 6.72373 0.0723833
vertex 9.19003 6.78728 0.0723833
endloop
endfacet 
facet normal 0.00119622 0 -0.000320531
outer loop
vertex 9.19003 6.78728 0.0723833
vertex 9.19003 6.72373 0.0723833
vertex 9.18499 6.78711 0.0535592
endloop
endfacet 
facet normal 0.00119311 0 -0.000319699
outer loop
vertex 9.18499 6.72373 0.0535592
vertex 9.18499 6.78711 0.0535592
vertex 9.19003 6.72373 0.0723833
endloop
endfacet 
facet normal 0 -0.0240255 0
outer loop
vertex 7.24887 6.72373 7.69543e-010
vertex 7.51229 6.72373 0.0484959
vertex 7.24887 6.72373 0.0912075
endloop
endfacet 
facet normal 0 -0.106668 -0
outer loop
vertex 7.51229 6.72373 0.0484959
vertex 7.24887 6.72373 7.69543e-010
vertex 9.44841 6.72373 7.69543e-010
endloop
endfacet 
facet normal 0 -0.0096429 0
outer loop
vertex 7.24887 6.72373 0.0912075
vertex 7.51229 6.72373 0.0484959
vertex 7.47464 6.72373 0.0912075
endloop
endfacet 
facet normal 0 -0.000614113 0
outer loop
vertex 7.47464 6.72373 0.0912075
vertex 7.51229 6.72373 0.0484959
vertex 7.49346 6.72373 0.0861635
endloop
endfacet 
facet normal 0 -0.000259665 0
outer loop
vertex 7.49346 6.72373 0.0861635
vertex 7.51229 6.72373 0.0484959
vertex 7.50724 6.72373 0.0723833
endloop
endfacet 
facet normal 0 -0.0385095 0
outer loop
vertex 7.51229 6.72373 0.0484959
vertex 9.44841 6.72373 7.69543e-010
vertex 8.30636 6.72373 0.0484959
endloop
endfacet 
facet normal 0 -0.00107779 0
outer loop
vertex 8.30636 6.72373 0.0484959
vertex 9.44841 6.72373 7.69543e-010
vertex 8.32859 6.72373 0.0484959
endloop
endfacet 
facet normal 0 -0.00194469 0
outer loop
vertex 8.32859 6.72373 0.0484959
vertex 9.44841 6.72373 7.69543e-010
vertex 8.36869 6.72373 0.0484959
endloop
endfacet 
facet normal 0 -0.00107779 0
outer loop
vertex 8.36869 6.72373 0.0484959
vertex 9.44841 6.72373 7.69543e-010
vertex 8.39091 6.72373 0.0484959
endloop
endfacet 
facet normal 0 -0.0385095 0
outer loop
vertex 8.39091 6.72373 0.0484959
vertex 9.44841 6.72373 7.69543e-010
vertex 9.18499 6.72373 0.0484959
endloop
endfacet 
facet normal 0 -0.00133376 0
outer loop
vertex 9.18499 6.72373 0.0484959
vertex 9.44841 6.72373 7.69543e-010
vertex 9.18499 6.72373 0.0535592
endloop
endfacet 
facet normal 0 -0.00522872 0
outer loop
vertex 9.18499 6.72373 0.0535592
vertex 9.44841 6.72373 7.69543e-010
vertex 9.19003 6.72373 0.0723833
endloop
endfacet 
facet normal 0 -0.00455783 0
outer loop
vertex 9.19003 6.72373 0.0723833
vertex 9.44841 6.72373 7.69543e-010
vertex 9.20381 6.72373 0.0861635
endloop
endfacet 
facet normal 0 -0.00285569 0
outer loop
vertex 9.20381 6.72373 0.0861635
vertex 9.44841 6.72373 7.69543e-010
vertex 9.22264 6.72373 0.0912075
endloop
endfacet 
facet normal 0 -0.0205916 0
outer loop
vertex 9.22264 6.72373 0.0912075
vertex 9.44841 6.72373 7.69543e-010
vertex 9.44841 6.72373 0.0912075
endloop
endfacet 
facet normal -0 -2.55394e-005 -0
outer loop
vertex 7.51229 6.72373 0.0535592
vertex 7.50724 6.72373 0.0723833
vertex 7.51229 6.72373 0.0484959
endloop
endfacet 
facet normal 0 2.55394e-005 -0
outer loop
vertex 7.51229 6.72373 0.0484959
vertex 7.50724 6.72373 0.0723833
vertex 7.51229 6.72373 0.0535592
endloop
endfacet 
facet normal 0 0.0205916 0
outer loop
vertex 9.44841 6.72373 0.0912075
vertex 9.44841 6.72373 7.69543e-010
vertex 9.22264 6.72373 0.0912075
endloop
endfacet 
facet normal 0 0.00285569 0
outer loop
vertex 9.22264 6.72373 0.0912075
vertex 9.44841 6.72373 7.69543e-010
vertex 9.20381 6.72373 0.0861635
endloop
endfacet 
facet normal 0 0.00455783 0
outer loop
vertex 9.20381 6.72373 0.0861635
vertex 9.44841 6.72373 7.69543e-010
vertex 9.19003 6.72373 0.0723833
endloop
endfacet 
facet normal 0 0.00522872 0
outer loop
vertex 9.19003 6.72373 0.0723833
vertex 9.44841 6.72373 7.69543e-010
vertex 9.18499 6.72373 0.0535592
endloop
endfacet 
facet normal 0 0.00133376 0
outer loop
vertex 9.18499 6.72373 0.0535592
vertex 9.44841 6.72373 7.69543e-010
vertex 9.18499 6.72373 0.0484959
endloop
endfacet 
facet normal 0 0.0385095 0
outer loop
vertex 9.18499 6.72373 0.0484959
vertex 9.44841 6.72373 7.69543e-010
vertex 8.39091 6.72373 0.0484959
endloop
endfacet 
facet normal 0 0.00107779 0
outer loop
vertex 8.39091 6.72373 0.0484959
vertex 9.44841 6.72373 7.69543e-010
vertex 8.36869 6.72373 0.0484959
endloop
endfacet 
facet normal 0 0.00194469 0
outer loop
vertex 8.36869 6.72373 0.0484959
vertex 9.44841 6.72373 7.69543e-010
vertex 8.32859 6.72373 0.0484959
endloop
endfacet 
facet normal 0 0.00107779 0
outer loop
vertex 8.32859 6.72373 0.0484959
vertex 9.44841 6.72373 7.69543e-010
vertex 8.30636 6.72373 0.0484959
endloop
endfacet 
facet normal 0 0.0385095 0
outer loop
vertex 8.30636 6.72373 0.0484959
vertex 9.44841 6.72373 7.69543e-010
vertex 7.51229 6.72373 0.0484959
endloop
endfacet 
facet normal 0 0.000259665 0
outer loop
vertex 7.50724 6.72373 0.0723833
vertex 7.51229 6.72373 0.0484959
vertex 7.49346 6.72373 0.0861635
endloop
endfacet 
facet normal 0 0.000614113 0
outer loop
vertex 7.49346 6.72373 0.0861635
vertex 7.51229 6.72373 0.0484959
vertex 7.47464 6.72373 0.0912075
endloop
endfacet 
facet normal 0 0.0096429 0
outer loop
vertex 7.47464 6.72373 0.0912075
vertex 7.51229 6.72373 0.0484959
vertex 7.24887 6.72373 0.0912075
endloop
endfacet 
facet normal 0 0.106668 0
outer loop
vertex 9.44841 6.72373 7.69543e-010
vertex 7.24887 6.72373 7.69543e-010
vertex 7.51229 6.72373 0.0484959
endloop
endfacet 
facet normal 0 0.0240255 0
outer loop
vertex 7.24887 6.72373 0.0912075
vertex 7.51229 6.72373 0.0484959
vertex 7.24887 6.72373 7.69543e-010
endloop
endfacet 
facet normal -0.000325912 0 0.00121635
outer loop
vertex 9.20381 6.78773 0.0861635
vertex 9.22264 6.72373 0.0912075
vertex 9.22264 6.78834 0.0912075
endloop
endfacet 
facet normal -0.000322802 0 0.00120474
outer loop
vertex 9.22264 6.72373 0.0912075
vertex 9.20381 6.78773 0.0861635
vertex 9.20381 6.72373 0.0861635
endloop
endfacet 
facet normal 0.000322802 0 -0.00120474
outer loop
vertex 9.20381 6.72373 0.0861635
vertex 9.20381 6.78773 0.0861635
vertex 9.22264 6.72373 0.0912075
endloop
endfacet 
facet normal 0.000325912 0 -0.00121635
outer loop
vertex 9.22264 6.78834 0.0912075
vertex 9.22264 6.72373 0.0912075
vertex 9.20381 6.78773 0.0861635
endloop
endfacet 
facet normal 0 0 0.0162565
outer loop
vertex 6.10507 9.8413 0.0912075
vertex 6.17707 10.0671 0.0912075
vertex 6.10507 10.0671 0.0912075
endloop
endfacet 
facet normal 0 0 0.0912731
outer loop
vertex 6.17707 10.0671 0.0912075
vertex 6.10507 9.8413 0.0912075
vertex 6.57307 10.0411 0.0912075
endloop
endfacet 
facet normal 0 0 0.12437
outer loop
vertex 6.57307 10.0411 0.0912075
vertex 6.10507 9.8413 0.0912075
vertex 6.99768 9.95665 0.0912075
endloop
endfacet 
facet normal 0 0 0.00745348
outer loop
vertex 6.99768 9.95665 0.0912075
vertex 6.10507 9.8413 0.0912075
vertex 6.16968 9.8413 0.0912075
endloop
endfacet 
facet normal 0 0 0.162515
outer loop
vertex 6.99768 9.95665 0.0912075
vertex 6.16968 9.8413 0.0912075
vertex 7.40763 9.81749 0.0912075
endloop
endfacet 
facet normal 0 0 0.0214335
outer loop
vertex 7.40763 9.81749 0.0912075
vertex 6.16968 9.8413 0.0912075
vertex 6.54354 9.8168 0.0912075
endloop
endfacet 
facet normal 0 0 0.165727
outer loop
vertex 7.40763 9.81749 0.0912075
vertex 6.54354 9.8168 0.0912075
vertex 7.79592 9.62601 0.0912075
endloop
endfacet 
facet normal 0 0 0.0230742
outer loop
vertex 7.79592 9.62601 0.0912075
vertex 6.54354 9.8168 0.0912075
vertex 6.93912 9.73811 0.0912075
endloop
endfacet 
facet normal 0 0 0.0682676
outer loop
vertex 7.79592 9.62601 0.0912075
vertex 6.93912 9.73811 0.0912075
vertex 7.32105 9.60846 0.0912075
endloop
endfacet 
facet normal 0 0 0.120533
outer loop
vertex 7.79592 9.62601 0.0912075
vertex 7.32105 9.60846 0.0912075
vertex 8.15588 9.38549 0.0912075
endloop
endfacet 
facet normal 0 0 0.0682681
outer loop
vertex 8.15588 9.38549 0.0912075
vertex 7.32105 9.60846 0.0912075
vertex 7.68279 9.43007 0.0912075
endloop
endfacet 
facet normal 0 0 0.0910596
outer loop
vertex 8.15588 9.38549 0.0912075
vertex 7.68279 9.43007 0.0912075
vertex 8.01815 9.20599 0.0912075
endloop
endfacet 
facet normal 0 0 0.0977414
outer loop
vertex 8.15588 9.38549 0.0912075
vertex 8.01815 9.20599 0.0912075
vertex 8.48138 9.10004 0.0912075
endloop
endfacet 
facet normal 0 0 0.0910595
outer loop
vertex 8.48138 9.10004 0.0912075
vertex 8.01815 9.20599 0.0912075
vertex 8.32139 8.94006 0.0912075
endloop
endfacet 
facet normal 0 0 0.0977412
outer loop
vertex 8.48138 9.10004 0.0912075
vertex 8.32139 8.94006 0.0912075
vertex 8.76683 8.77455 0.0912075
endloop
endfacet 
facet normal 0 0 0.0910598
outer loop
vertex 8.76683 8.77455 0.0912075
vertex 8.32139 8.94006 0.0912075
vertex 8.58733 8.63681 0.0912075
endloop
endfacet 
facet normal 0 0 0.0977414
outer loop
vertex 8.76683 8.77455 0.0912075
vertex 8.58733 8.63681 0.0912075
vertex 9.00735 8.41458 0.0912075
endloop
endfacet 
facet normal 0 0 0.0910598
outer loop
vertex 9.00735 8.41458 0.0912075
vertex 8.58733 8.63681 0.0912075
vertex 8.81141 8.30145 0.0912075
endloop
endfacet 
facet normal 0 0 0.0977412
outer loop
vertex 9.00735 8.41458 0.0912075
vertex 8.81141 8.30145 0.0912075
vertex 9.19883 8.0263 0.0912075
endloop
endfacet 
facet normal 0 0 0.0910597
outer loop
vertex 9.19883 8.0263 0.0912075
vertex 8.81141 8.30145 0.0912075
vertex 8.9898 7.93971 0.0912075
endloop
endfacet 
facet normal 0 0 0.0977415
outer loop
vertex 9.19883 8.0263 0.0912075
vertex 8.9898 7.93971 0.0912075
vertex 9.33799 7.61634 0.0912075
endloop
endfacet 
facet normal 0 0 0.0910597
outer loop
vertex 9.33799 7.61634 0.0912075
vertex 8.9898 7.93971 0.0912075
vertex 9.11945 7.55779 0.0912075
endloop
endfacet 
facet normal 0 0 0.0977412
outer loop
vertex 9.33799 7.61634 0.0912075
vertex 9.11945 7.55779 0.0912075
vertex 9.42245 7.19173 0.0912075
endloop
endfacet 
facet normal 0 0 0.0910597
outer loop
vertex 9.42245 7.19173 0.0912075
vertex 9.11945 7.55779 0.0912075
vertex 9.19813 7.1622 0.0912075
endloop
endfacet 
facet normal 0 0 0.0895957
outer loop
vertex 9.42245 7.19173 0.0912075
vertex 9.19813 7.1622 0.0912075
vertex 9.44841 6.79573 0.0912075
endloop
endfacet 
facet normal 0 0 0.0845861
outer loop
vertex 9.44841 6.79573 0.0912075
vertex 9.19813 7.1622 0.0912075
vertex 9.22264 6.78834 0.0912075
endloop
endfacet 
facet normal 0 0 0.0162564
outer loop
vertex 9.44841 6.79573 0.0912075
vertex 9.22264 6.78834 0.0912075
vertex 9.44841 6.72373 0.0912075
endloop
endfacet 
facet normal 0 0 0.0145879
outer loop
vertex 9.44841 6.72373 0.0912075
vertex 9.22264 6.78834 0.0912075
vertex 9.22264 6.72373 0.0912075
endloop
endfacet 
facet normal 0 0 -0.0145879
outer loop
vertex 9.22264 6.72373 0.0912075
vertex 9.22264 6.78834 0.0912075
vertex 9.44841 6.72373 0.0912075
endloop
endfacet 
facet normal 0 0 -0.0162564
outer loop
vertex 9.44841 6.72373 0.0912075
vertex 9.22264 6.78834 0.0912075
vertex 9.44841 6.79573 0.0912075
endloop
endfacet 
facet normal 0 0 -0.0845861
outer loop
vertex 9.22264 6.78834 0.0912075
vertex 9.19813 7.1622 0.0912075
